41.09999999999998
40.19999999999999
34.20000000000003
22.200000000000006
51.600000000000016
23.400000000000002
21.899999999999995
33.90000000000001
18.299999999999997
46.80000000000001
23.4
35.1
46.80000000000003
39.9
69.89999999999996
21.59999999999999
39.900000000000006
37.499999999999986
65.69999999999999
28.199999999999992
47.70000000000003
63.29999999999993
61.50000000000001
84.00000000000007
48.9
29.99999999999998
32.100000000000016
23.699999999999992
56.99999999999993
79.7999999999999
20.39999999999999
56.09999999999999
33.90000000000001
24.599999999999994
22.49999999999999
26.39999999999999
66.00000000000003
18.299999999999997
123.89999999999993
25.799999999999994
40.79999999999999
50.70000000000001
69.30000000000004
32.999999999999986
21.9
51.90000000000001
124.80000000000001
70.20000000000005
32.399999999999984
40.79999999999999
31.199999999999992
69.89999999999999
33.29999999999999
21.899999999999988
38.09999999999998
20.7
58.20000000000001
20.999999999999993
72.89999999999999
36.900000000000006
54.0
26.099999999999987
36.3
17.4
32.69999999999999
176.09999999999974
34.5
41.10000000000001
30.000000000000004
26.100000000000023
19.799999999999994
19.499999999999996
27.0
21.299999999999994
51.60000000000003
21.599999999999987
46.800000000000026
35.4
44.70000000000004
25.79999999999999
38.1
27.899999999999984
43.20000000000004
60.300000000000026
32.39999999999999
29.399999999999988
25.199999999999992
42.90000000000002
19.2
31.49999999999999
57.00000000000001
42.00000000000004
36.599999999999994
16.799999999999997
43.50000000000002
61.79999999999995
70.79999999999997
42.600000000000016
74.69999999999989
46.20000000000002
54.89999999999998
60.60000000000007
55.5
38.1
33.59999999999999
15.599999999999996
74.4
19.499999999999996
23.400000000000002
68.10000000000004
20.699999999999992
25.799999999999994
66.60000000000004
63.29999999999997
60.89999999999997
68.10000000000004
26.39999999999999
37.79999999999999
32.999999999999986
22.499999999999996
20.39999999999999
22.499999999999993
20.39999999999999
90.89999999999996
22.499999999999993
28.799999999999986
83.10000000000005
171.29999999999976
41.70000000000001
24.30000000000002
72.8999999999998
23.4
19.200000000000003
86.10000000000001
35.7
23.699999999999996
72.3
82.80000000000001
41.39999999999999
49.79999999999996
38.10000000000001
24.9
29.400000000000006
37.5
22.2
55.50000000000003
39.59999999999999
55.800000000000004
23.999999999999993
21.599999999999994
49.80000000000004
28.500000000000004
22.79999999999999
26.7
46.499999999999986
34.50000000000001
55.500000000000014
30.6
41.10000000000004
24.899999999999988
41.70000000000003
26.700000000000024
47.10000000000004
35.100000000000016
32.69999999999999
41.1
21.299999999999994
60.900000000000006
42.30000000000003
17.7
58.800000000000026
49.800000000000004
54.59999999999998
23.39999999999999
33.3
20.699999999999996
17.099999999999998
29.100000000000026
67.49999999999996
18.599999999999998
23.399999999999988
47.70000000000005
55.500000000000036
40.499999999999986
54.300000000000054
35.699999999999996
48.90000000000003
27.000000000000004
104.10000000000011
22.499999999999993
29.399999999999995
32.399999999999984
20.699999999999996
32.4
23.099999999999998
28.20000000000001
34.80000000000003
18.9
46.80000000000003
84.6
25.200000000000006
22.199999999999992
80.70000000000006
24.899999999999995
63.00000000000003
26.699999999999992
27.29999999999999
27.29999999999999
23.999999999999993
22.199999999999992
33.60000000000003
84.30000000000005
30.900000000000013
36.59999999999998
26.399999999999988
39.3
35.69999999999999
43.5
27.29999999999999
52.19999999999997
21.599999999999994
19.499999999999993
41.400000000000006
24.599999999999984
79.49999999999991
21.0
51.0
44.7
26.399999999999995
48.3
18.299999999999997
16.5
90.89999999999985
47.99999999999997
19.5
33.899999999999984
17.7
45.0
56.70000000000004
73.80000000000003
73.20000000000006
84.90000000000006
28.200000000000017
71.70000000000006
28.499999999999986
19.499999999999993
22.199999999999996
29.39999999999999
55.499999999999986
51.00000000000002
22.2
43.50000000000005
33.29999999999999
48.59999999999998
40.8
58.49999999999998
24.900000000000006
50.700000000000024
57.89999999999993
19.499999999999993
45.90000000000003
51.000000000000064
23.699999999999992
30.59999999999999
33.899999999999984
30.29999999999999
30.60000000000001
23.099999999999987
19.199999999999996
54.59999999999999
23.700000000000006
26.4
25.79999999999999
40.50000000000001
37.80000000000002
29.699999999999978
17.999999999999996
50.09999999999996
29.99999999999998
38.09999999999999
29.09999999999999
50.4
35.400000000000034
33.900000000000006
26.099999999999987
48.60000000000002
42.000000000000036
24.600000000000005
86.69999999999997
26.399999999999988
29.09999999999999
24.900000000000023
38.399999999999984
45.00000000000004
51.90000000000001
17.7
35.4
39.00000000000003
39.600000000000016
25.499999999999993
34.80000000000004
29.999999999999996
19.499999999999993
25.199999999999985
18.599999999999994
26.69999999999999
17.7
63.300000000000004
43.19999999999998
34.20000000000001
25.799999999999994
39.30000000000002
79.79999999999988
56.70000000000005
47.39999999999999
30.899999999999977
40.50000000000003
27.59999999999999
29.39999999999999
137.09999999999988
27.900000000000002
31.80000000000001
46.5
24.29999999999999
51.00000000000003
91.19999999999997
53.09999999999998
41.99999999999999
30.299999999999986
55.800000000000026
48.00000000000005
29.099999999999998
40.80000000000004
60.600000000000016
20.699999999999992
22.199999999999992
70.19999999999992
134.99999999999955
26.399999999999988
28.500000000000004
17.399999999999995
36.6
17.699999999999996
21.300000000000004
44.099999999999994
17.699999999999996
29.099999999999987
23.400000000000002
41.40000000000002
21.299999999999994
35.099999999999994
20.999999999999996
21.299999999999997
75.29999999999994
31.799999999999997
84.0000000000001
57.00000000000006
48.300000000000004
31.499999999999993
39.60000000000002
33.00000000000001
24.900000000000006
20.099999999999998
53.99999999999998
36.3
31.799999999999986
67.80000000000007
24.899999999999988
33.599999999999994
23.399999999999988
20.999999999999996
32.399999999999984
75.90000000000002
28.79999999999999
16.799999999999997
27.899999999999995
26.400000000000002
62.69999999999991
29.699999999999978
53.10000000000006
20.699999999999992
39.599999999999994
18.599999999999994
32.70000000000002
27.899999999999995
25.799999999999983
32.70000000000001
17.699999999999996
22.79999999999999
42.600000000000016
25.799999999999994
24.30000000000001
93.29999999999998
28.799999999999986
31.200000000000014
27.300000000000004
46.500000000000014
47.40000000000004
22.799999999999994
21.299999999999994
30.90000000000002
27.00000000000001
21.299999999999994
28.799999999999994
71.40000000000003
27.89999999999999
23.999999999999993
49.19999999999996
64.79999999999995
57.599999999999994
19.199999999999996
53.70000000000001
38.39999999999999
37.8
21.899999999999995
49.2
28.499999999999996
32.699999999999996
30.0
44.69999999999999
22.49999999999999
21.299999999999994
35.100000000000016
39.60000000000002
55.500000000000036
140.99999999999986
43.200000000000045
63.900000000000055
20.4
58.19999999999993
54.59999999999998
32.69999999999999
23.7
55.2
25.799999999999997
31.200000000000024
32.10000000000002
18.300000000000004
20.99999999999999
22.499999999999993
50.400000000000006
20.999999999999993
57.600000000000044
19.5
61.79999999999996
58.80000000000001
20.099999999999994
22.799999999999994
50.699999999999974
70.20000000000006
18.299999999999997
24.000000000000007
39.3
45.000000000000036
20.099999999999994
22.799999999999994
60.900000000000006
26.4
20.699999999999996
40.79999999999998
38.400000000000006
40.49999999999999
42.90000000000003
22.79999999999999
55.50000000000001
30.900000000000013
25.499999999999993
39.6
28.500000000000007
48.30000000000004
22.49999999999999
48.300000000000004
45.90000000000005
48.599999999999994
44.4
32.1
41.1
34.800000000000004
41.10000000000001
20.699999999999992
45.00000000000004
29.09999999999999
27.899999999999988
60.00000000000004
20.399999999999995
21.899999999999988
47.699999999999996
33.900000000000006
20.099999999999998
134.39999999999984
22.799999999999994
65.10000000000004
30.299999999999983
34.19999999999999
34.200000000000024
76.20000000000003
26.399999999999988
24.599999999999994
22.199999999999992
46.500000000000036
50.1
16.799999999999997
105.60000000000008
43.50000000000004
24.899999999999988
34.799999999999976
18.899999999999995
49.20000000000002
51.60000000000001
54.60000000000004
35.69999999999998
33.30000000000002
35.4
40.800000000000026
21.9
22.499999999999996
50.10000000000002
50.100000000000016
29.700000000000006
34.19999999999999
34.800000000000004
21.599999999999998
35.999999999999986
92.09999999999994
87.90000000000009
21.599999999999998
45.60000000000003
78.89999999999995
33.300000000000004
78.89999999999988
19.500000000000004
45.90000000000005
85.79999999999993
20.1
20.999999999999996
26.999999999999986
49.20000000000001
49.200000000000024
51.899999999999984
41.70000000000002
102.89999999999998
66.30000000000007
20.7
22.499999999999993
22.499999999999993
26.399999999999988
91.49999999999989
18.599999999999998
46.8
102.3000000000001
26.39999999999999
17.999999999999993
21.0
66.0
87.30000000000011
83.99999999999999
18.299999999999997
14.999999999999996
30.29999999999999
23.69999999999999
51.000000000000014
16.499999999999996
46.50000000000003
34.79999999999999
41.4
22.799999999999997
23.69999999999999
33.3
32.100000000000016
29.100000000000005
33.29999999999999
65.70000000000002
33.899999999999984
62.099999999999966
81.59999999999981
83.69999999999997
36.59999999999999
24.599999999999987
54.00000000000005
35.4
23.999999999999993
28.800000000000004
63.0
24.899999999999988
24.899999999999984
53.10000000000005
29.999999999999993
51.600000000000044
22.199999999999992
73.50000000000004
46.50000000000002
56.39999999999998
52.499999999999986
22.200000000000006
31.79999999999999
21.59999999999999
24.599999999999998
38.10000000000002
57.30000000000004
83.40000000000005
23.09999999999999
71.3999999999998
48.90000000000001
63.29999999999994
51.599999999999994
63.60000000000002
33.90000000000003
40.800000000000026
29.099999999999998
20.099999999999994
100.4999999999999
54.60000000000003
53.99999999999998
42.59999999999998
42.0
25.500000000000007
35.099999999999994
34.499999999999986
53.100000000000044
16.8
63.59999999999999
33.30000000000001
52.80000000000005
54.60000000000004
40.5
22.5
69.89999999999998
43.200000000000024
90.30000000000001
41.40000000000001
24.599999999999998
22.799999999999997
33.600000000000016
54.000000000000036
46.20000000000003
32.4
23.699999999999992
31.79999999999999
42.59999999999999
55.50000000000003
37.49999999999999
56.4
30.000000000000007
43.8
52.80000000000002
35.70000000000003
30.599999999999987
69.59999999999997
57.299999999999976
31.80000000000002
20.999999999999993
41.7
42.600000000000044
22.199999999999996
58.80000000000001
46.50000000000001
32.40000000000002
33.59999999999999
27.89999999999999
42.30000000000002
50.70000000000002
22.49999999999999
26.399999999999995
38.400000000000006
92.0999999999999
37.50000000000001
41.09999999999998
58.80000000000001
50.4
39.600000000000016
38.1
144.29999999999967
30.60000000000001
49.20000000000005
35.99999999999999
34.50000000000001
45.300000000000004
31.79999999999999
39.6
42.90000000000001
30.00000000000001
82.79999999999994
50.40000000000001
42.90000000000003
30.599999999999987
20.099999999999994
20.099999999999994
63.90000000000005
57.60000000000002
32.400000000000006
57.89999999999997
18.599999999999998
41.699999999999996
41.70000000000004
94.80000000000018
55.20000000000004
39.60000000000001
31.200000000000006
22.8
65.70000000000002
21.299999999999994
55.200000000000024
42.6
42.00000000000001
42.6
24.29999999999999
21.299999999999994
59.1
26.69999999999999
22.49999999999999
80.40000000000003
46.19999999999998
30.89999999999998
54.29999999999993
54.29999999999998
46.50000000000001
19.799999999999994
24.599999999999994
27.29999999999999
37.800000000000026
43.20000000000001
19.799999999999997
27.3
46.20000000000002
32.09999999999998
33.59999999999999
36.90000000000002
42.90000000000002
36.00000000000003
19.2
27.899999999999988
36.0
114.0000000000001
68.70000000000003
17.699999999999996
43.50000000000003
59.99999999999998
28.8
24.900000000000016
19.799999999999994
57.00000000000001
24.59999999999999
52.500000000000036
23.999999999999996
72.60000000000002
22.499999999999993
23.39999999999999
36.00000000000003
29.40000000000001
25.79999999999999
18.599999999999998
23.39999999999999
30.600000000000023
26.099999999999987
32.100000000000016
83.09999999999997
23.999999999999996
20.39999999999999
25.5
57.600000000000044
18.3
20.999999999999993
32.1
26.699999999999992
27.599999999999998
21.89999999999999
29.100000000000016
42.000000000000064
82.5
54.30000000000001
29.399999999999995
48.900000000000055
44.10000000000004
44.10000000000004
39.00000000000005
36.60000000000004
26.39999999999999
54.899999999999984
27.599999999999987
45.60000000000004
23.099999999999987
59.700000000000045
28.499999999999986
22.499999999999996
27.900000000000006
56.699999999999996
31.799999999999986
26.39999999999999
29.99999999999999
23.09999999999999
60.900000000000006
20.099999999999994
39.00000000000001
28.499999999999986
39.00000000000001
44.7
46.20000000000004
56.70000000000002
31.499999999999982
37.79999999999998
85.79999999999998
61.499999999999986
19.79999999999999
77.99999999999986
39.6
39.60000000000002
49.20000000000003
38.10000000000001
23.1
57.89999999999996
27.900000000000016
70.50000000000007
35.4
17.999999999999993
64.20000000000005
25.2
31.19999999999998
28.800000000000033
45.300000000000004
30.899999999999984
29.700000000000006
32.09999999999999
98.10000000000005
27.900000000000002
29.09999999999998
23.10000000000001
44.10000000000001
51.600000000000016
23.399999999999995
30.600000000000023
22.499999999999996
17.399999999999995
15.599999999999996
15.899999999999997
30.299999999999983
56.400000000000006
68.99999999999996
111.89999999999978
35.099999999999994
22.799999999999997
31.19999999999999
25.499999999999993
25.499999999999996
18.599999999999994
46.200000000000045
88.80000000000005
55.499999999999986
32.99999999999999
35.99999999999999
20.099999999999994
40.20000000000001
42.90000000000003
20.09999999999999
23.39999999999999
39.300000000000026
31.799999999999986
37.800000000000026
53.09999999999999
28.79999999999999
19.500000000000004
41.100000000000016
19.199999999999992
42.000000000000014
61.19999999999991
41.99999999999998
19.800000000000008
38.69999999999998
92.39999999999989
51.90000000000001
26.399999999999988
27.0
48.000000000000014
44.7
77.09999999999998
27.600000000000033
52.500000000000014
38.1
61.199999999999996
110.99999999999984
66.89999999999996
39.59999999999999
58.800000000000004
47.09999999999996
26.700000000000006
54.000000000000036
23.09999999999999
71.1
35.09999999999999
55.20000000000003
30.900000000000006
40.50000000000001
37.2
37.799999999999976
39.89999999999999
21.599999999999994
17.699999999999996
28.19999999999999
17.699999999999996
103.8
54.00000000000002
23.399999999999988
32.70000000000001
17.699999999999996
27.30000000000002
61.19999999999998
22.800000000000004
28.20000000000001
38.69999999999998
49.50000000000003
23.69999999999999
74.40000000000006
25.200000000000014
57.90000000000001
40.20000000000003
20.699999999999996
59.1
32.7
81.60000000000008
29.399999999999984
23.399999999999995
22.499999999999996
39.600000000000016
30.900000000000016
40.799999999999955
46.49999999999998
56.70000000000005
70.50000000000003
26.39999999999999
47.700000000000024
32.39999999999999
55.800000000000004
20.999999999999993
78.30000000000014
24.6
134.3999999999999
36.89999999999998
33.899999999999984
31.499999999999996
30.89999999999998
25.199999999999992
19.79999999999999
22.799999999999994
19.799999999999997
20.699999999999996
60.6
74.10000000000004
54.600000000000044
20.999999999999996
40.20000000000002
59.10000000000002
62.40000000000003
55.80000000000001
50.39999999999995
42.90000000000002
33.0
39.90000000000001
28.499999999999996
57.00000000000007
21.900000000000006
34.79999999999999
23.69999999999999
38.40000000000001
22.49999999999999
20.699999999999996
17.999999999999996
22.5
92.40000000000003
44.09999999999995
23.4
30.599999999999998
42.600000000000016
31.199999999999985
72.60000000000001
52.20000000000001
72.60000000000008
78.29999999999993
55.19999999999998
35.400000000000034
20.7
38.699999999999996
24.899999999999995
53.6999999999999
37.49999999999999
71.1
45.6
31.50000000000003
25.499999999999993
48.30000000000005
46.200000000000045
28.499999999999993
22.199999999999992
59.70000000000002
121.80000000000007
27.600000000000023
59.099999999999966
36.00000000000002
31.500000000000025
68.40000000000006
32.100000000000016
99.89999999999985
