2882
6733
2257
9674
9461
6092
398
1950
4520
4850
2393
3328
2256
3361
4545
3929
8328
7713
6315
137
100
3244
9855
5351
2962
8388
8345
7424
8717
3905
6535
8978
4062
6193
5099
3097
3620
5911
3176
3221
9781
9954
4840
7436
5431
4853
6041
7602
3312
9318
3113
6302
8851
3836
2124
3422
7302
3848
8271
5685
9956
7859
3518
3604
9763
1143
2112
29
4179
6303
8027
4568
7911
900
4316
368
8231
1676
1586
5439
8784
1398
2483
1095
494
8592
113
9387
9773
712
3208
4731
1938
7465
6400
6772
8122
9095
5037
1494
2767
659
5589
2183
3734
233
9543
1102
7843
3826
673
8409
7314
6888
8575
3370
2000
9151
4268
9042
1826
6791
1999
3014
3432
9496
6941
4314
9842
6855
3545
9683
859
9600
5978
8326
6556
491
5505
5299
833
1609
8537
5305
7104
6608
5444
9483
3417
1312
9983
2526
9215
9897
3139
4429
5039
5031
869
1275
3375
4472
3554
4154
2105
5229
7059
194
9362
7429
8982
436
8534
5284
6438
6771
9656
6746
5528
8126
7639
9856
7675
6433
7708
8321
7412
1628
2261
5693
7834
7252
5558
3891
7309
6230
1629
8679
6044
928
7226
3975
6409
5643
3453
1389
5880
5454
8023
2063
6428
2839
3759
9049
3392
6977
2149
8199
2713
6347
5369
3615
1613
6134
4473
3269
6143
256
9939
3702
7568
9060
8161
8562
8700
1079
1156
3103
9273
6133
2094
9476
6179
2431
674
4073
9970
8071
2544
9808
1601
5180
8651
2793
4857
2795
8758
3448
2268
4780
8895
7461
934
6572
867
2678
3403
814
9739
2482
6561
6925
7282
9302
808
6817
2975
6582
8311
4093
9191
5545
2029
5240
926
4101
6049
3732
7688
4854
1847
693
5710
7295
6176
4511
4120
6566
1574
1142
5013
837
1230
7225
8948
9088
3105
6392
5719
5904
8785
8496
4695
6493
7784
5394
3548
4111
678
8941
8200
1523
4959
9904
5864
8971
1081
6811
1202
3853
5200
4549
5186
7508
2653
3232
7742
8152
5513
481
8233
2763
8422
7510
7207
5821
3972
872
2956
741
9818
3293
5922
2680
6625
595
8319
1529
5302
6570
4804
6464
7629
3692
1928
5676
5502
7492
2222
7860
7611
4583
8770
4603
7197
692
9494
1884
9606
642
5750
9859
8014
1649
238
7179
5137
9766
4223
1823
1842
5812
1990
9168
4996
9802
6790
5322
4097
3883
4732
142
376
1672
8949
1256
635
7160
7805
9171
7686
8464
1778
3157
3408
5184
1624
7933
4007
9857
1181
2801
5662
83
7580
344
2570
9091
2642
3202
1742
2445
2027
3868
2043
7866
5178
2226
1434
3986
7857
7143
536
2176
3650
7300
9838
8699
3183
4261
2581
9099
4227
3706
4446
6886
2400
7721
31
2425
9149
2411
9886
668
5282
5357
1677
8208
6368
2164
7931
7418
6142
3815
2602
3585
1412
2930
1038
3076
4252
3029
2175
3131
216
3840
3204
1088
1930
3680
6649
5035
2829
8854
2389
7586
7054
8878
8032
6127
8546
6372
7161
6760
6256
9627
8822
878
8058
1841
6417
6887
8268
3411
2671
6349
4506
5723
2367
9305
8561
7145
8626
3907
1917
7178
5532
797
4746
5814
5775
2428
9557
9761
6399
4333
1772
7565
4655
6431
8245
1535
3465
430
3946
1779
6940
236
4144
9236
5788
632
8282
8434
8019
5663
4642
5699
4379
8470
363
313
3697
4788
3831
9574
4798
4046
5129
8728
3464
7355
5270
9864
4336
6673
4499
9120
154
5655
4418
9903
5903
4690
518
2881
8595
5811
4784
4272
8437
6774
2147
8009
7458
1995
5458
5490
9731
4147
2380
3674
2936
5001
9174
9203
854
1184
4528
9962
431
9895
4555
9146
6902
1050
7845
2965
9375
7259
5763
4018
3948
9787
9998
5150
6157
303
4002
3073
3715
9239
1829
6961
5087
7705
6645
6904
8291
8556
7667
1051
9877
7975
8338
6234
8383
4940
1220
3596
8393
9501
9807
3551
1844
5476
2173
6881
5290
7199
8875
9301
1086
4919
4048
9251
6106
7543
6715
412
2369
3129
8706
9265
5970
6967
8229
169
8693
6297
1951
4639
3940
91
5108
450
4510
1760
7505
5493
7539
3897
1695
7886
7044
7769
5468
302
2649
2077
9325
7071
7183
9546
4162
7519
8927
8438
9144
4783
2630
4764
1105
2456
2518
3364
5194
6469
3850
4843
9232
5810
7002
6345
9124
3385
6243
4056
9076
8086
6492
6290
3404
4251
580
360
3207
2193
9283
6460
8466
606
1618
7884
7552
2692
4684
4960
4762
5390
2024
2304
3912
4213
8431
2693
9108
327
5946
8392
4149
7823
3125
8490
4377
9605
1827
9794
9139
492
3618
3038
3412
3211
2208
2667
33
6253
6456
9628
1503
5661
5279
7118
7612
1959
5683
6972
3083
4175
2064
6726
6579
1423
6957
3599
7445
2507
6423
2288
5094
4408
993
6023
9611
1227
9949
6329
138
8755
5343
564
7091
6352
7747
8858
761
1971
9036
8962
585
3156
2005
9464
9065
9118
5466
4225
2270
2616
1771
3174
1926
3779
2148
8635
8711
6828
607
9677
1543
3662
2638
8520
7993
5816
4146
3030
865
1839
633
5885
6504
7425
6248
3995
9799
7256
3496
5973
637
6765
7950
3991
9593
5197
2013
7821
3800
8013
6956
6864
8075
615
1238
9706
9332
2683
9573
7190
354
9554
2687
8221
7281
8368
6338
4204
3152
2509
6198
1598
9007
8981
8370
9306
8081
2525
7875
4182
3797
6798
3119
4900
5219
7268
5749
4489
6617
8501
9935
6309
709
9178
6103
3044
1740
8283
7065
8028
7862
8341
8136
5568
7888
9989
6758
4752
1594
5016
9744
417
2265
3135
5677
1558
6448
8659
860
4092
5247
3508
8529
1296
9422
6670
6128
1316
8101
9767
4885
5787
3731
1878
3696
4302
1635
2578
5090
6115
2986
7279
2502
5006
6629
8681
4575
6286
3101
5724
8485
5335
856
3865
7217
4539
46
5098
1689
3593
3600
4158
7150
6068
6613
3722
3318
7679
2663
9349
4834
4389
3821
9907
1955
2598
4824
4027
3153
8820
