450.00000000000625
552.6000000000049
411.9000000000078
456.60000000000537
471.60000000000656
467.1000000000048
609.0000000000057
479.4000000000062
521.4000000000026
585.9000000000069
459.30000000000734
516.0000000000057
518.700000000004
475.2000000000064
509.1000000000051
471.90000000000714
609.0000000000052
458.40000000000686
498.30000000000433
531.6000000000035
469.20000000000755
517.2000000000068
577.799999999998
376.200000000008
393.30000000000575
531.3000000000064
519.3000000000053
553.8000000000051
520.5000000000051
421.2000000000068
539.7000000000022
580.2000000000035
492.90000000000487
547.5000000000063
584.6999999999954
549.9000000000015
399.9000000000057
559.2000000000011
575.4000000000043
40.20000000000001
468.3000000000062
483.30000000000655
380.4000000000086
542.4000000000059
578.4000000000029
450.9000000000074
562.5000000000057
494.100000000008
615.3000000000023
462.0000000000046
519.000000000006
538.2000000000063
434.10000000000605
592.2000000000014
446.10000000000804
481.500000000005
527.1000000000072
572.0999999999996
583.5000000000044
508.5000000000066
470.7000000000073
582.0000000000057
525.3000000000083
237.00000000000034
585.0000000000066
498.60000000000866
496.80000000000655
446.400000000007
579.9000000000049
517.8000000000068
366.0000000000075
495.9000000000073
628.2000000000037
510.60000000000565
516.3000000000053
492.3000000000064
572.4000000000027
408.00000000000654
523.5000000000065
534.3000000000037
486.6000000000065
413.1000000000081
566.4000000000085
485.40000000000447
527.400000000009
538.8000000000033
613.2000000000005
488.7000000000069
501.6000000000067
590.6999999999999
529.5000000000045
551.700000000005
576.3000000000042
503.1000000000055
459.300000000005
529.5000000000063
621.0000000000061
455.4000000000063
603.9000000000004
382.20000000000744
508.8000000000074
548.400000000003
582.8999999999988
492.90000000000634
566.4000000000026
417.9000000000077
566.7000000000069
402.3000000000057
480.90000000000765
559.8000000000046
180.90000000000052
570.6000000000064
469.80000000000604
494.70000000000664
592.8000000000021
482.4000000000081
524.7000000000058
546.0000000000022
363.3000000000086
528.3000000000068
498.3000000000049
606.6000000000058
546.9000000000057
542.4000000000041
594.8999999999997
552.3000000000048
536.7000000000048
454.50000000000625
591.6000000000078
402.90000000000714
487.2000000000075
400.800000000007
551.700000000003
609.9000000000094
534.6000000000064
517.500000000005
475.5000000000066
538.5000000000044
567.3000000000062
550.5000000000058
424.8000000000073
394.20000000000783
154.1999999999994
579.9000000000055
590.4000000000049
578.7000000000035
555.300000000002
544.500000000004
545.7000000000043
519.3000000000039
578.1000000000055
497.70000000000664
498.0000000000052
544.8000000000029
642.0000000000016
414.0000000000067
538.8000000000062
572.1000000000037
492.60000000000616
499.8000000000044
260.39999999999895
534.000000000006
407.7000000000069
561.0000000000039
479.70000000000397
411.30000000000683
540.9000000000019
607.200000000004
393.0000000000057
556.2000000000058
526.8000000000048
565.8000000000019
493.2000000000069
568.5000000000047
620.1000000000048
516.3000000000068
432.600000000008
582.600000000003
613.7999999999979
592.8000000000043
592.2000000000068
501.0000000000056
536.4000000000063
375.60000000000554
576.2999999999944
489.60000000000645
492.90000000000566
462.0000000000056
495.90000000000833
484.2000000000065
558.0000000000049
505.5000000000076
560.7000000000028
485.40000000000566
523.5000000000076
546.6000000000008
468.90000000000674
591.3000000000067
563.7000000000054
500.7000000000088
491.7000000000057
597.6000000000026
385.2000000000063
346.2000000000077
469.8000000000057
480.6000000000042
505.20000000000687
472.80000000000666
409.50000000000614
579.9000000000001
581.4000000000053
553.2000000000016
477.9000000000053
516.3000000000059
585.0000000000024
585.0000000000077
462.60000000000707
575.4000000000082
426.00000000000705
432.30000000000547
529.8000000000029
587.7000000000058
552.0000000000081
402.00000000000585
539.1000000000038
423.9000000000068
385.50000000000597
511.8000000000057
506.1000000000046
564.9000000000015
488.70000000000783
596.7000000000048
479.70000000000556
575.0999999999999
469.8000000000051
520.2000000000069
721.5000000000055
597.8999999999991
573.0000000000008
341.4000000000062
646.1999999999969
517.2000000000063
563.1000000000018
573.0000000000065
527.700000000006
489.0000000000049
471.6000000000067
542.7000000000014
525.6000000000073
445.5000000000061
444.900000000008
508.80000000000496
510.0000000000063
388.8000000000056
502.50000000000676
553.2000000000048
533.1000000000047
588.0000000000069
540.9000000000046
532.8000000000071
415.8000000000061
579.0000000000011
539.7000000000029
535.5000000000014
547.2000000000004
590.4000000000043
602.4000000000044
593.1000000000063
418.20000000000704
552.9000000000049
422.70000000000704
423.6000000000065
516.0000000000064
398.7000000000091
449.40000000000634
510.00000000000387
502.80000000000564
527.7000000000053
546.9000000000021
476.1000000000072
589.8000000000045
571.5000000000001
458.70000000000357
582.3000000000044
518.1000000000058
542.4000000000049
528.0000000000005
554.7000000000037
489.0000000000069
541.2000000000085
596.7000000000028
506.10000000000696
525.0000000000069
487.80000000000865
474.60000000000656
507.6000000000061
418.2000000000072
559.5000000000047
447.9000000000055
403.20000000000755
514.5000000000047
481.5000000000051
340.8000000000066
557.1000000000063
506.40000000000447
462.0000000000056
491.10000000000946
588.9000000000018
498.30000000000564
450.30000000000746
499.5000000000065
498.3000000000055
342.600000000006
384.30000000000734
550.5000000000051
396.6000000000069
421.50000000000597
545.4000000000036
342.6000000000075
539.1000000000068
438.9000000000083
468.0000000000077
587.7000000000061
346.20000000000726
311.400000000006
517.5000000000049
472.8000000000041
476.7000000000056
540.9000000000036
555.6000000000029
571.8000000000034
364.8000000000065
327.3000000000067
437.40000000000464
601.2000000000056
574.5000000000061
324.3000000000067
510.9000000000081
540.9000000000052
602.1000000000054
525.9000000000055
500.4000000000068
472.5000000000072
581.9999999999986
597.9000000000037
527.7000000000055
522.0000000000076
66.59999999999977
493.50000000000625
572.4000000000059
587.1000000000097
460.500000000005
373.800000000007
531.3000000000069
522.3000000000052
506.70000000000636
493.20000000000687
596.4000000000075
370.5000000000064
520.8000000000044
456.30000000000615
576.9000000000063
517.8000000000063
507.6000000000074
432.30000000000683
552.3000000000006
576.300000000006
60.59999999999993
602.4000000000082
513.9000000000065
352.5000000000079
520.500000000001
463.20000000000726
357.0000000000052
501.0000000000046
508.20000000000636
553.2000000000058
406.2000000000064
605.4000000000046
447.0000000000077
468.00000000000574
340.20000000000744
524.1000000000045
538.2000000000037
472.5000000000068
437.7000000000066
489.90000000000623
492.30000000000337
595.5000000000057
535.8000000000055
382.80000000000734
601.2000000000044
424.2000000000055
633.300000000007
597.600000000006
526.8000000000056
587.4000000000087
516.9000000000068
602.7000000000038
483.3000000000053
574.5000000000072
571.5000000000059
440.10000000000724
546.9000000000035
552.6000000000023
526.2000000000043
555.9000000000084
507.3000000000078
609.9000000000045
425.7000000000078
492.9000000000032
583.5000000000013
548.1000000000047
549.5999999999992
634.2000000000054
518.4000000000055
184.50000000000023
385.80000000000683
573.6000000000037
386.40000000000805
537.6000000000054
591.6000000000059
604.2000000000089
368.70000000000704
390.0000000000073
254.99999999999946
443.7000000000045
409.50000000000654
445.20000000000806
442.20000000000846
537.2999999999989
565.5000000000003
604.8000000000053
581.1000000000023
547.8000000000073
572.1000000000004
578.9999999999987
591.0000000000073
593.1000000000068
561.000000000005
357.3000000000069
550.5000000000015
395.4000000000074
536.4000000000041
552.9000000000073
509.70000000000766
492.6000000000085
478.5000000000093
673.2000000000043
525.3000000000067
434.1000000000071
620.4000000000004
549.6000000000058
514.800000000005
586.2000000000008
511.20000000000954
573.6000000000032
344.40000000000686
611.7000000000066
408.60000000000684
547.8000000000015
639.0000000000072
516.300000000004
625.2000000000053
560.4000000000041
521.1000000000048
414.6000000000071
468.90000000000725
352.2000000000066
509.10000000000525
487.2000000000056
533.7000000000069
501.60000000000593
528.3000000000056
510.6000000000071
460.2000000000075
419.70000000000783
544.2000000000049
576.3000000000093
573.9000000000016
524.7000000000043
535.2000000000029
417.3000000000079
588.3000000000059
496.20000000000545
553.800000000002
569.4000000000025
543.0000000000051
488.40000000000555
529.2000000000046
448.8000000000086
576.9000000000038
544.5000000000044
553.2000000000019
567.6000000000048
585.8999999999959
559.2000000000019
543.9000000000067
460.800000000004
543.3000000000035
592.2000000000048
585.9000000000034
476.70000000000505
510.0000000000037
547.8000000000052
407.40000000000697
549.9000000000048
583.8000000000038
446.1000000000058
243.2999999999997
472.80000000000797
584.1000000000083
469.8000000000081
606.000000000003
540.3000000000053
544.2000000000046
431.70000000000465
400.80000000000894
574.200000000006
489.9000000000048
453.90000000000737
531.6000000000001
368.100000000003
491.1000000000062
507.9000000000058
392.70000000000397
480.90000000000754
588.300000000001
568.2000000000043
489.3000000000065
494.1000000000065
400.50000000000756
447.0000000000063
443.4000000000086
550.8000000000042
520.5000000000034
582.3000000000033
569.9999999999977
377.40000000000686
552.6000000000039
504.3000000000045
609.9000000000084
569.7000000000016
475.80000000000746
501.3000000000063
585.3000000000054
546.0000000000032
465.30000000000666
548.100000000005
556.5000000000016
503.1000000000059
605.399999999997
393.3000000000077
380.100000000008
528.6000000000058
614.4000000000078
572.7000000000002
514.5000000000033
435.6000000000068
508.50000000000455
516.0000000000043
440.4000000000066
520.5000000000065
648.3000000000056
545.7000000000052
520.200000000008
404.70000000000914
527.1000000000035
456.30000000000587
442.50000000000733
493.8000000000054
584.4000000000042
540.0000000000073
481.50000000000523
71.10000000000007
507.00000000000756
609.3000000000044
543.000000000004
443.10000000000593
578.7000000000047
512.1000000000065
557.1000000000035
458.7000000000052
595.4999999999922
534.9000000000049
495.6000000000052
433.80000000000473
560.4000000000019
576.3000000000054
572.7000000000039
400.5000000000092
538.2000000000014
528.900000000002
582.5999999999999
521.4000000000045
402.000000000006
482.1000000000057
606.9000000000067
417.9000000000079
510.30000000000825
489.6000000000076
392.7000000000065
341.1000000000072
366.9000000000066
527.7000000000095
343.80000000000706
501.00000000000637
517.8000000000042
523.200000000006
552.9000000000061
494.1000000000066
218.39999999999966
497.1000000000063
336.30000000000723
508.5000000000049
527.4000000000049
557.1000000000008
641.1000000000088
553.8000000000012
533.4000000000043
545.7000000000074
478.8000000000045
607.8000000000068
434.40000000000737
571.5000000000036
485.4000000000061
591.6000000000028
390.60000000000645
495.60000000000633
590.4000000000065
37.800000000000004
471.3000000000056
511.5000000000052
573.0000000000053
530.1000000000045
570.0000000000035
510.60000000000514
254.69999999999962
516.6000000000083
456.60000000000844
57.000000000000036
510.90000000000595
549.9000000000046
584.1000000000003
538.500000000005
485.4000000000083
582.600000000004
382.8000000000071
564.0000000000007
633.9000000000092
528.600000000007
563.4000000000055
475.8000000000059
511.20000000000596
448.80000000000746
577.500000000006
524.7000000000066
535.5000000000063
523.2000000000054
513.6000000000048
647.4000000000062
565.5000000000047
514.2000000000058
446.10000000000747
600.0000000000069
564.6000000000071
514.5000000000055
573.5999999999989
473.40000000000776
508.800000000007
508.20000000000607
396.90000000000714
551.4000000000008
564.6000000000073
474.60000000000775
522.0000000000072
465.3000000000067
623.4000000000073
516.0000000000048
522.3000000000061
488.1000000000086
483.6000000000065
123.59999999999972
514.5000000000049
551.1000000000023
522.6000000000047
319.20000000000636
509.1000000000053
567.9000000000077
557.7000000000062
525.3000000000058
463.5000000000049
532.2000000000065
471.6000000000055
460.50000000000904
75.89999999999975
445.20000000000584
411.6000000000074
546.9000000000101
458.1000000000079
601.5000000000056
547.8000000000029
496.5000000000061
546.900000000002
371.100000000003
338.70000000000687
517.2000000000055
431.700000000007
466.80000000000643
486.9000000000064
526.5000000000032
530.100000000004
610.500000000006
606.300000000001
468.60000000000446
558.6000000000048
470.10000000000724
548.4000000000079
464.1000000000068
466.50000000000585
463.80000000000734
475.80000000000575
495.3000000000054
495.9000000000052
619.5000000000081
541.5000000000017
624.9000000000049
547.5000000000068
529.8000000000053
584.4000000000032
634.2000000000074
567.0000000000075
379.20000000000664
494.40000000000475
488.1000000000039
320.7000000000064
446.7000000000066
539.4000000000051
551.1000000000031
534.0000000000034
326.4000000000067
540.0000000000055
564.300000000004
342.0000000000067
420.90000000000674
505.5000000000059
577.8000000000046
613.2000000000088
606.6000000000063
555.9000000000036
369.90000000000725
478.8000000000069
517.2000000000049
433.8000000000076
518.7000000000073
575.3999999999935
635.7000000000055
560.4000000000077
423.90000000000805
553.8000000000052
566.100000000004
346.20000000000715
586.2000000000069
628.5000000000041
592.800000000007
582.0000000000073
339.0000000000075
526.8000000000038
504.30000000000445
540.0000000000061
399.6000000000077
352.20000000000795
578.1000000000051
537.3000000000054
543.600000000003
467.70000000000556
523.8000000000084
584.4000000000059
451.8000000000092
596.400000000003
553.2000000000055
385.2000000000026
544.5000000000011
497.10000000000593
336.90000000000305
504.30000000000604
465.600000000006
567.9000000000026
564.9000000000028
584.7000000000011
511.8000000000045
480.60000000000565
544.8000000000067
552.9000000000044
600.6000000000062
624.9000000000051
578.4000000000059
576.9000000000041
590.1000000000038
543.9000000000029
479.70000000000454
457.8000000000077
575.1000000000047
423.00000000000585
333.9000000000016
534.6000000000051
477.30000000000524
551.1000000000031
603.9000000000024
572.7000000000016
481.8000000000054
559.8000000000004
507.30000000000786
507.60000000000645
467.1000000000079
534.9000000000061
471.60000000000827
579.3000000000076
596.4000000000058
580.5000000000063
495.00000000000847
365.4000000000063
437.4000000000049
371.4000000000079
566.1000000000049
459.9000000000055
406.5000000000063
551.1000000000034
474.9000000000045
377.10000000000787
200.09999999999994
531.6000000000046
530.7000000000031
561.6000000000078
550.5000000000069
503.4000000000073
451.20000000000795
495.90000000000464
407.70000000000823
536.4000000000069
551.100000000006
445.2000000000064
558.9000000000018
572.1000000000055
566.7000000000036
469.500000000004
588.9000000000061
565.5000000000065
453.00000000000546
563.7000000000036
385.5000000000081
521.7000000000056
536.4000000000071
571.2000000000044
457.5000000000054
428.40000000000737
552.000000000007
506.70000000000704
498.3000000000048
536.1000000000046
595.8000000000046
576.6000000000055
560.7000000000035
505.8000000000068
623.400000000007
338.1000000000062
462.9000000000074
473.1000000000076
401.70000000000783
558.5999999999991
543.6000000000049
538.2000000000036
491.7000000000084
483.6000000000042
354.3000000000079
465.00000000000625
487.80000000000757
558.9000000000069
570.9000000000028
463.2000000000083
565.5
594.3000000000001
424.2000000000073
563.1000000000047
438.00000000000733
515.1000000000046
539.7000000000027
567.0
519.9000000000037
527.7000000000075
115.19999999999976
522.6000000000055
537.3000000000058
429.30000000000643
325.20000000000675
615.0000000000014
573.3000000000051
410.1000000000074
578.7000000000041
399.30000000000814
585.6000000000053
564.3000000000069
577.5000000000042
377.1000000000069
533.1000000000047
586.5000000000064
545.7000000000052
555.600000000007
536.4000000000027
549.6000000000026
533.7000000000052
483.30000000000655
563.7000000000036
610.5000000000083
493.80000000000564
569.700000000006
560.7000000000002
421.2000000000053
544.5000000000019
546.9000000000044
504.9000000000061
539.7000000000012
544.8000000000063
567.9000000000094
352.5000000000065
557.4000000000018
508.5000000000074
402.00000000000574
532.8000000000056
528.6000000000038
534.9000000000036
604.2000000000037
542.4000000000077
515.1000000000068
457.80000000000706
555.0000000000033
579.6000000000059
497.40000000000794
513.0000000000053
620.399999999994
567.900000000002
521.400000000004
473.7000000000066
125.99999999999953
554.100000000008
463.80000000000814
563.7000000000053
517.8000000000062
532.8000000000069
539.1000000000043
528.9000000000046
612.6000000000067
553.500000000006
345.30000000000734
486.00000000000574
469.5000000000088
503.40000000000686
424.8000000000066
633.3000000000043
441.3000000000065
555.0000000000101
370.2000000000075
528.6000000000088
635.4000000000053
487.8000000000061
577.2000000000025
157.19999999999973
410.7000000000064
487.2000000000048
573.3000000000056
570.6000000000059
507.60000000000457
579.5999999999985
569.7000000000094
528.3000000000092
513.9000000000054
524.1000000000054
477.00000000000745
519.0000000000064
445.80000000000564
591.9000000000061
611.4000000000065
535.8000000000056
462.6000000000028
557.9999999999995
626.1000000000013
411.30000000000615
422.10000000000963
610.5000000000057
485.7000000000082
498.9000000000072
489.3000000000077
466.2000000000088
486.30000000000575
575.1000000000049
437.40000000000447
535.200000000007
465.00000000000585
327.0000000000068
544.8000000000042
